7 - eng matrix
[[ -0.10319407  -0.11371622  -0.98814061  64.86001332]
 [  0.19610347   0.97162055  -0.13229442   1.11841512]
 [  0.9751393   -0.20742976  -0.07796513 -71.03468336]
 [  0.           0.           0.           1.        ]]
[[ 9.56345598e-01  2.83423898e-01 -7.12319535e-02 -1.45893741e+02]
 [-2.85851407e-01  9.57911292e-01 -2.63615258e-02  1.32900830e+01]
 [ 6.07624062e-02  4.55724833e-02  9.97111367e-01 -3.01939030e+00]
 [ 0.00000000e+00  0.00000000e+00  0.00000000e+00  1.00000000e+00]]
    [[ -0.11256986,   0.1814041,   -0.97694571, -78.48822794],
    [  0.19164174,   0.9687004,    0.15779034,  -2.30631795],
    [  0.97498908,  -0.16946108,  -0.1438107,  -69.8568611],
    [  0.        ,   0.        ,   0.       ,    1.        ]]

eng - 6 matrix
[[-3.35003661e-03  6.24367624e-02 -9.98041011e-01  1.77468387e+01]
 [-1.81501585e-01  9.81431110e-01  6.20067883e-02 -1.00181898e+00]
 [ 9.83382630e-01  1.81354121e-01  8.04454021e-03 -1.26899016e+01]
 [ 0.00000000e+00  0.00000000e+00  0.00000000e+00  1.00000000e+00]]
[[ 9.82005003e-01 -1.86972074e-01 -2.66010966e-02 -2.06260490e+02]
 [ 1.80769646e-01  8.89819441e-01  4.18979352e-01  1.14890361e+01]
 [-5.46672655e-02 -4.16248490e-01  9.07606018e-01 -5.55761683e+01]
 [ 0.00000000e+00  0.00000000e+00  0.00000000e+00  1.00000000e+00]]
[[ 4.48691874e-03, -1.27011216e-01, -9.91888797e-01, -1.88308128e+02],
 [ 2.49907793e-01,  9.60566785e-01, -1.21870178e-01,  8.48888110e+00],
 [ 9.68256891e-01, -2.47334373e-01,  3.60512140e-02, -6.76467649e+01],
 [ 0.00000000e+00,  0.00000000e+00,  0.00000000e+00,  1.00000000e+00]]

 ---
[[-9.91926488e-01,  4.58646765e-02,  1.18219603e-01, -1.19077132e+02],
 [ 3.71305121e-02,  9.96487979e-01, -7.50519511e-02, -4.82784304e+00],
 [-1.21246592e-01, -7.00564138e-02, -9.90145941e-01, -1.45591525e+02],
 [ 0.00000000e+00,  0.00000000e+00,  0.00000000e+00,  1.00000000e+00]]

 6 - 3 matrix
 [[ 7.72846024e-01, -2.20359483e-02, -6.34208717e-01,  3.97535168e+01],
 [ 7.92430915e-02,  9.94923766e-01,  6.19965163e-02,  3.33265759e-01],
 [ 6.29624346e-01, -9.81704924e-02,  7.70670484e-01, -2.53377015e+01],
 [ 0.00000000e+00,  0.00000000e+00,  0.00000000e+00,  1.00000000e+00]]
[[ 9.96591232e-01, -1.97736901e-02, -8.00931748e-02,  1.56629279e+02],
 [ 7.59224178e-03,  9.88713277e-01, -1.49627585e-01, -3.85974968e+01],
 [ 8.21478748e-02,  1.48509453e-01,  9.85493110e-01, -8.24704580e+01],
 [ 0.00000000e+00,  0.00000000e+00,  0.00000000e+00,  1.00000000e+00]]
[[ 7.18216030e-01, -3.37713607e-02, -6.94998192e-01,  1.98270072e+02],
 [-9.99283980e-03,  9.98216048e-01, -5.88318505e-02, -3.41749551e+01],
 [ 6.95746461e-01,  4.91990341e-02,  7.16598623e-01, -1.04125428e+02],
 [ 0.00000000e+00,  0.00000000e+00,  0.00000000e+00,  1.00000000e+00]]
---
[[-6.29405290e-01,  4.79770718e-02,  7.75591459e-01,  2.14095856e+02],
 [ 5.41095969e-02,  9.98373522e-01, -1.78472936e-02, -2.92388480e+01],
 [-7.75187699e-01,  3.07341028e-02, -6.30978831e-01, -2.91541133e+02],
 [ 0.00000000e+00,  0.00000000e+00,  0.00000000e+00,  1.00000000e+00]]