7eng        chain_list = [0,1,2,3,4,5,6,7,8,9,10,11,12,13,14,15,16,17,18,19]
  pos2 = [-4.67117080533, -0.376507313442, -0.264307999475]
  ori2 = [0.673637650645, 0.0244406735416, 0.738334230444, -0.0218239332763]
engfactory        chain_list = [120,121,122,123,124,125,126,127,128,129,130,131,132,133,134,135,136,137,138,139]
  pos1 = [65.646038913, -0.128473467878, -75.491019968]
  ori1 = [0.995558762664, -0.0720276626736, 0.00200046527024, 0.0605867855362]

engfactory        chain_list = [0,1,2,3,4,5,6,7,8,9,10,11,12,13,14,15,16,17,18,19]
  pos2 = [-2.08976760253, 0.655534793315, -0.336082516909]
  ori2 = [0.923614945099, -0.0114040114721, 0.375851129289, 0.0744487575521]
6eng        chain_list = [140,141,142,143,144,145,146,147,148,149,150,151,152,153,154,155,156,157,158,159]
  pos1 = [18.1301930828, 3.89046660859e-026, -14.6287624864]
  ori1 = [0.9219677706, 0.0112649160235, -0.386607342745, -0.0195771927977]
  
6eng        chain_list = [0,1,2,3,4,5,6,7,8,9,10,11,12,13,14,15,16,17,18,19]
  pos2 = [-1.57161834303, 0.0770978347433, -0.207096629949]
  ori2 = [0.882718404128, 0.0448360670985, 0.465281426054, -0.0480858034427]
3eng        chain_list = [140,141,142,143,144,145,146,147,148,149,150,151,152,153,154,155,156,157,158,159]
  pos1 = [38.6685413815, 0.272593061108, -26.4944026818]
  ori1 = [0.989736719734, 0.00821773641427, 0.140238804904, -0.0262097946593]
  
3eng        chain_list = [0,1,2,3,4,5,6,7,8,9,10,11,12,13,14,15,16,17,18,115]
  pos2 = [1.64790610712, -0.000838888780825, -1.78114666677]
  ori2 = [0.956475506058, 0.0302603081209, -0.288796613046, -0.0289122478224]
1eng        chain_list = [159,160,161,162,163,164,165,166,167,168,169,170,171,172,173,174,175,176,177,178]
  pos1 = [17.7915624527, 0.0126495886612, -22.8878133008]
  ori1 = [0.965178804222, 0.0343268747293, -0.257826307259, -0.0278744270706]
