map1_c : [[-45.1003, 7.91949, 59.8082], [-0.166266, 1.3248, 63.3535], [10.8335, 0.912804, -4.16038], [-32.2083, -10.917, -23.2571], [-45.1003, 7.91949, 59.8082]]
map2_c : [[-118.015, 17.6119, 163.802], [-103.333, 13.6507, 142], [-140.786, 13.694, 84.5484], [-179.96, 9.5213, 123.853]]

map2_t : [[-204.768, 12.9429, -22.9905], [-186.342, 10.5106, -17.9684], [-150.518, 20.4091, 104.831], [-117.487, 1.92426, 128.766], [-143.666, 10.4798, 201.616], [-216.434, 28.7025, 203.735], [-274.1, 1.55534, 160.42], [-204.768, 12.9429, -22.9905]]
map3_c : [[-28.5122, 1.15594, 13.3227], [-23.6755, -0.836193, -8.46751], [-181.271, -5.16631, -73.4], [-231.121, -31.0523, -96.994], [-262.201, -1.03542, 12.1113], [-221.234, -15.9196, 54.0775], [-28.5122, 1.15594, 13.3227]]

map3_t : [[-250.178, 24.9445, 133.798], [-209.019, 22.828, 118.171], [-285.602, 2.17146, -24.8572], [-361.532, 1.50126, -8.15158], [-250.178, 24.9445, 133.798]]
map4_c : [[-3.21428, 16.5918, 307.685], [-10.6446, 24.9137, 277.163], [107.203, 15.7602, 225.939], [121.201, 16.536, 256.418], [-3.21428, 16.5918, 307.685]]

merge : [[-223.657, 18.5785, 89.4585], [-271.859, 2.417, 19.8216], [-457.46, 30.0146, 59.4153], [-642.506, 96.3708, 125.411], [-604.204, 102.035, 183.319], [-223.657, 18.5785, 89.4585]]
map5_c : [[-326.35, 23.0926, 157.014], [-334.467, 21.5799, 50.8134], [-168.418, 13.391, 102.279], [11.8158, 11.5612, 112.738], [10.4101, -2.98875, 189.57], [-307.775, 28.5802, 187.813], [-326.35, 23.0926, 157.014]]

merge : [[-484.996, 90.2144, 259.64], [-532.49, 60.6605, 90.1102], [-630.602, 93.2484, 119.213], [-630.479, 96.7434, 188.602], [-526.212, 94.5229, 279.021], [-484.996, 90.2144, 259.64]]
map6_c : [[-79.2658, 15.0307, 173.751], [-111.139, -10.0068, 45.8382], [-29.6302, -0.393291, 26.6505], [-15.9592, 17.9599, 170.091], [-79.2658, 15.0307, 173.751]]

merge : [[-613.326, 114.742, 256.112], [-615.949, 88.0395, 133.05], [-659.92, 101.044, 154.01], [-651.914, 122.292, 280.551], [-613.326, 114.742, 256.112]]
map7_c : [[-99.4458, -7.12009, -45.2785], [-88.9918, 21.1299, 96.0285], [-50.0255, 12.0794, 90.2164], [-59.0432, -13.8905, -52.7706], [-99.4458, -7.12009, -45.2785]]

merge : [[-598.694, 101.543, 285.524], [-609.457, 107.057, 211.526], [-503.815, 88.7533, 204.155], [-503.81, 92.908, 255.193], [-598.694, 101.543, 285.524]]
map8_c : [[-89.63, -0.938, 16.8687], [-113.748, -17.7684, -17.3423], [-11.1496, -29.8788, -71.096], [4.15818, -10.0477, -29.4245], [-89.63, -0.938, 16.8687]]

map3_t, map5_t : [[-277.833, 11.111, 232.748], [-205.401, 23.493, 223.014], [-103.02, 5.58769, 176.49], [-145.78, -24.2825, 73.7796], [-274.802, 33.9011, 89.6896], [-277.833, 11.111, 232.748]]