map1 :
Mat = np.array(
[[0.268300354481, -0.001792882569, 0.963333666325, 139.255538940430],
[0.011952256784, -0.999915122986, -0.005189816933, 15.945255279541],
[0.963261187077, 0.012906440534, -0.268256127834, 57.497421264648],
[0.000000000000, 0.000000000000, 0.000000000000, 1.000000000000]]
)
map2 :
Mat = np.array(
[[-0.960946381092, -0.053209211677, -0.271571010351, 70.540161132813],
[0.002408523113, -0.982911944389, 0.184060543776, 6.653349876404],
[-0.276724129915, 0.176218226552, 0.944653809071, -122.909523010254],
[0.000000000000, 0.000000000000, 0.000000000000, 1.000000000000]]
)
map3 :
Mat = np.array(
[[-0.996807157993, -0.043212354183, 0.067142888904, 17.776790618896],
[0.048109930009, -0.996161699295, 0.073125168681, 1.927819490433],
[0.063725240529, 0.076121918857, 0.995060086250, -120.712486267090],
[0.000000000000, 0.000000000000, 0.000000000000, 1.000000000000]]
)
map4 :
Mat = np.array(
[[-0.997192502022, -0.074811674654, 0.003200765699, 138.958587646484],
[0.074777334929, -0.992674589157, 0.094897300005, -7.358557701111],
[-0.003922104836, 0.094870217144, 0.995481967926, -509.973724365234],
[0.000000000000, 0.000000000000, 0.000000000000, 1.000000000000]]
)
map5 :
Mat = np.array(
[[0.022234909236, -0.061623606831, -0.997851788998, 262.818847656250],
[-0.049073722214, -0.996962666512, 0.060475200415, -2.203369617462],
[-0.998547613621, 0.047623638064, -0.025191474706, -514.876708984375],
[0.000000000000, 0.000000000000, 0.000000000000, 1.000000000000]]
)
map6 :
Mat = np.array(
[[0.000999014825, -0.093153335154, -0.995651304722, 284.744812011719],
[-0.005597538780, -0.995636701584, 0.093146346509, 2.770899772644],
[-0.999983906746, 0.005480143242, -0.001516073942, -584.676513671875],
[0.000000000000, 0.000000000000, 0.000000000000, 1.000000000000]]
)
map7 :
Mat = np.array(
[[-0.378172874451, -0.128362104297, -0.916792511940, 185.806808471680],
[-0.018234968185, -0.989115059376, 0.146009981632, 0.271889030933],
[-0.925555408001, 0.071934692562, 0.371715784073, -693.937316894531],
[0.000000000000, 0.000000000000, 0.000000000000, 1.000000000000]]
)
map8 :
Mat = np.array(
[[0.558788836002, 0.178753629327, 0.809816181660, 291.747222900391],
[-0.005799327511, -0.975627779961, 0.219355463982, 0.343154907227],
[0.829289734364, -0.127269774675, -0.544133245945, -522.192260742188],
[0.000000000000, 0.000000000000, 0.000000000000, 1.000000000000]]
)