map1 :
Mat = np.array(
[[0.268300354481, -0.001792882569, 0.963333666325, 139.255538940430],
[0.011952256784, -0.999915122986, -0.005189816933, 15.945255279541],
[0.963261187077, 0.012906440534, -0.268256127834, 57.497421264648],
[0.000000000000, 0.000000000000, 0.000000000000, 1.000000000000]]
)
map2 :
Mat = np.array(
[[-0.960946381092, -0.053209211677, -0.271571010351, 71.789176940918],
[0.002408523113, -0.982911944389, 0.184060543776, 6.262599945068],
[-0.276724129915, 0.176218226552, 0.944653809071, -120.029792785645],
[0.000000000000, 0.000000000000, 0.000000000000, 1.000000000000]]
)
map3 :
Mat = np.array(
[[-0.998649239540, -0.046548802406, 0.023083345965, 19.575862884521],
[0.048127479851, -0.996144354343, 0.073349371552, 5.756284713745],
[0.019579995424, 0.074361227453, 0.997039139271, -127.569946289063],
[0.000000000000, 0.000000000000, 0.000000000000, 1.000000000000]]
)
map4 :
Mat = np.array(
[[-0.997192502022, -0.074811674654, 0.003200765699, 138.958587646484],
[0.074777334929, -0.992674589157, 0.094897300005, -7.358557701111],
[-0.003922104836, 0.094870217144, 0.995481967926, -509.973724365234],
[0.000000000000, 0.000000000000, 0.000000000000, 1.000000000000]]
)
map5 :
Mat = np.array(
[[0.022234909236, -0.061623606831, -0.997851788998, 259.629455566406],
[-0.049073722214, -0.996962666512, 0.060475200415, -1.503979682922],
[-0.998547613621, 0.047623638064, -0.025191474706, -515.551940917969],
[0.000000000000, 0.000000000000, 0.000000000000, 1.000000000000]]
)
map6 :
Mat = np.array(
[[0.000999014825, -0.093153335154, -0.995651304722, 284.744812011719],
[-0.005597538780, -0.995636701584, 0.093146346509, 2.770899772644],
[-0.999983906746, 0.005480143242, -0.001516073942, -584.676513671875],
[0.000000000000, 0.000000000000, 0.000000000000, 1.000000000000]]
)
map7 :
Mat = np.array(
[[-0.378172874451, -0.128362104297, -0.916792511940, 185.806808471680],
[-0.018234968185, -0.989115059376, 0.146009981632, 0.271889030933],
[-0.925555408001, 0.071934692562, 0.371715784073, -693.937316894531],
[0.000000000000, 0.000000000000, 0.000000000000, 1.000000000000]]
)
map8 :
Mat = np.array(
[[0.558788836002, 0.178753629327, 0.809816181660, 291.747222900391],
[-0.005799327511, -0.975627779961, 0.219355463982, 0.343154907227],
[0.829289734364, -0.127269774675, -0.544133245945, -522.192260742188],
[0.000000000000, 0.000000000000, 0.000000000000, 1.000000000000]]
)