3eng        chain_list = [140,141,142,143,144,145,146,147,148,149,150,151,152,153,154,155,156,157,158,159]
  pos1 = [38.6685413815, 0.272593061108, -26.4944026818]
  ori1 = [0.989736719734, 0.00821773641427, 0.140238804904, -0.0262097946593]
6eng_result        chain_list = [0,1,2,3,4,5,6,7,8,9,10,11,12,13,14,15,16,17,18,19]
  pos2 = [-47.1930775973654, 552.6306442152305, -696.2645565443604]
  ori2 = [0.6438552131276831, 0.03289403681447573, -0.4510384565621377, 0.29598881518331804]