engfactory_result        chain_list = [0,1,2,3,4,5,6,7,8,9,10,11,12,13,14,15,16,17,18,19]
  pos2 = [206.34872706027878, 28.154643961809377, 78.01205423727181]
  ori2 = [0.45201469257047494, 0.022395546711028644, 0.7015756936849326, 0.0012558768112887826]
engfactory        chain_list = [0,1,2,3,4,5,6,7,8,9,10,11,12,13,14,15,16,17,18,19]
  pos2 = [-2.08976760253, 0.655534793315, -0.336082516909]
  ori2 = [0.923614945099, -0.0114040114721, 0.375851129289, 0.0744487575521]
6eng        chain_list = [140,141,142,143,144,145,146,147,148,149,150,151,152,153,154,155,156,157,158,159]
  pos1 = [18.1301930828, 3.89046660859e-026, -14.6287624864]
  ori1 = [0.9219677706, 0.0112649160235, -0.386607342745, -0.0195771927977]