map1_c : [[-45.1003, 7.91949, 59.8082], [-0.166266, 1.3248, 63.3535], [10.8335, 0.912804, -4.16038], [-32.2083, -10.917, -23.2571], [-45.1003, 7.91949, 59.8082]]
map2_c : [[-118.015, 17.6119, 163.802], [-103.333, 13.6507, 142], [-140.786, 13.694, 84.5484], [-179.96, 9.5213, 123.853]]
 - map2_t

map2_t : [[-204.768, 12.9429, -22.9905], [-186.342, 10.5106, -17.9684], [-150.518, 20.4091, 104.831], [-117.487, 1.92426, 128.766], [-143.666, 10.4798, 201.616], [-216.434, 28.7025, 203.735], [-274.1, 1.55534, 160.42], [-204.768, 12.9429, -22.9905]]
map3_c : [[-28.5122, 1.15594, 13.3227], [-23.6755, -0.836193, -8.46751], [-181.271, -5.16631, -73.4], [-231.121, -31.0523, -96.994], [-262.201, -1.03542, 12.1113], [-221.234, -15.9196, 54.0775], [-28.5122, 1.15594, 13.3227]]
 - map3_t

map3_t : [[-250.178, 24.9445, 133.798], [-209.019, 22.828, 118.171], [-285.602, 2.17146, -24.8572], [-361.532, 1.50126, -8.15158], [-250.178, 24.9445, 133.798]]
map4_c : [[-3.21428, 16.5918, 307.685], [-10.6446, 24.9137, 277.163], [107.203, 15.7602, 225.939], [121.201, 16.536, 256.418], [-3.21428, 16.5918, 307.685]]
 - map4_t

merge : [[-223.657, 18.5785, 89.4585], [-271.859, 2.417, 19.8216], [-457.46, 30.0146, 59.4153], [-642.506, 96.3708, 125.411], [-604.204, 102.035, 183.319], [-223.657, 18.5785, 89.4585]]
map5_c : [[-326.35, 23.0926, 157.014], [-334.467, 21.5799, 50.8134], [-168.418, 13.391, 102.279], [11.8158, 11.5612, 112.738], [10.4101, -2.98875, 189.57], [-307.775, 28.5802, 187.813], [-326.35, 23.0926, 157.014]]
 - map5_t

map3_t, map5_t : [[-277.833, 11.111, 232.748], [-205.401, 23.493, 223.014], [-103.02, 5.58769, 176.49], [-145.78, -24.2825, 73.7796], [-274.802, 33.9011, 89.6896], [-277.833, 11.111, 232.748]]
 - map5_t2

new merge(map1_c, map2_t, map3_t, map5_t2)

merge : [[-313.088, 8.54129, -31.9888], [-248.839, 8.89882, 55.6756], [-562.705, 8.32941, 102.839], [-573.706, -17.2349, 27.1067], [-313.088, 8.54129, -31.9888]]
map4_c : [[-20.1204, 25.795, 326.777], [-45.7607, -15.8896, -113.915], [18.9112, -8.58383, -97.6742], [113.553, 15.4375, 252.806], [-20.1204, 25.795, 326.777]]

merge : [[-506.633, 15.2732, 229.994], [-534.912, -9.61075, 56.7587], [-646.515, 0.232056, 78.4393], [-532.162, 9.56494, 238.259], [-506.633, 15.2732, 229.994]]
map6_c : [[-85.8874, 3.94101, 26.6224], [-73.1402, 15.3064, 175.667], [39.4659, 11.9074, 172.926], [35.2168, 18.6288, 129.631], [-85.8874, 3.94101, 26.6224]]

merge : [[-639.467, 11.8798, 214.491], [-619.589, 5.23886, 99.3506], [-650.91, 6.75876, 106.676], [-672.447, 17.9418, 213.426], [-639.467, 11.8798, 214.491]]
map7_c : [[-99.4458, -7.12009, -45.2785], [-88.9918, 21.1299, 96.0285], [-50.0255, 12.0794, 90.2164], [-59.0432, -13.8905, -52.7706], [-99.4458, -7.12009, -45.2785]]

merge : [[-597.533, 16.3733, 241.288], [-625.792, 0.364876, 182.195], [-546.019, 10.638, 170.088], [-534.834, 12.8391, 201.467], [-597.533, 16.3733, 241.288]]
map8_c : [[-89.63, -0.938, 16.8687], [-113.748, -17.7684, -17.3423], [-11.1496, -29.8788, -71.096], [4.15818, -10.0477, -29.4245], [-89.63, -0.938, 16.8687]]