7eng        chain_list = [0,1,2,3,4,5,6,7,8,9,10,11,12,13,14,15,16,17,18,19]
  pos2 = [-4.67117080533, -0.376507313442, -0.264307999475]
  ori2 = [0.673637650645, 0.0244406735416, 0.738334230444, -0.0218239332763]
engfactory        chain_list = [120,121,122,123,124,125,126,127,128,129,130,131,132,133,134,135,136,137,138,139]
  pos1 = [65.646038913, -0.128473467878, -75.491019968]
  ori1 = [0.995558762664, -0.0720276626736, 0.00200046527024, 0.0605867855362]